<<<<<<< HEAD
((("replace-in-string" .
   [0 0 0 1 0 0 0 0 0 0 0 0 0 0 0 0 0])
  ("$1" .
   [1 0])
  ("yas/reload-all" .
   [0 0 0 0 0 0 1 0 0 0 0 0 0 0])
  ("a" .
   [1])
  ("format" .
   [4 0 0 0 0 0])
  ("yas" .
   [1 0 0])
  ("yas/expand" .
   [1 0 0 0 0 0 0 0 0 0])
  ("expand" .
   [1 0 0 0 0 0])
  ("yas/expand-from-keymap" .
   [0 0 0 0 0 0 0 1 0 0 0 0 0 0 0 0 0 0 0 0 0 0])
  ("yas/field-p" .
   [0 0 0 0 0 0 1 0 0 0 0])
  ("*" .
   [1])
  ("~/.emacs.d/a" .
   [0 0 0 0 0 0 0 0 0 0 0 1])
  ("~/.emacs.d/ecb/" .
   [0 0 0 0 0 0 0 0 0 0 0 0 1 0 0])
  ("require" .
   [0 0 0 1 0 0 0])
  ("ecb" .
   [5 0 0])
  ("java-mode" .
   [0 0 0 0 0 0 1 0 0])
  ("nil" .
   [1 0 0])
  ("yas/expand-snippet" .
   [0 0 0 0 0 0 0 0 0 0 0 0 0 0 1 0 0 0])
  ("foo" .
   [1 0 0])
  ("df" .
   [0 1])
  ("templete" .
   [0 0 1 0 0 0 0 0])
  ("t" .
   [3])
=======
((("buffer-name" .
   [1 0 0 0 0 0 0 0 0 0 0])
>>>>>>> d015636c7d097edef218954ededf3c100adc488c
  ("testlisp" .
   [0 0 6 1 0 0 0 0])
  ("x" .
   [1])
  ("time" .
   [2 0 0 0])))
